#agua        #alcohol     #benzeno
0      -10   0      -10   0      -10
2.3    -8.1  2.5    -8.3  3.3    -7
5.1    -5.9  5.5    -6.2  8.3    -2.6
9.3    -2.5  10.3   -3    11.8   0.4
13.1   0     15.1   0.2   18.7   5.5
30.5   0     25.5   7.2   24.9   5.5
61.1   0     30.9   10.9  40.3   5.5
120.7  0     40.7   17.5  60.7   5.5
152.5  0     50.7   24.3  80.9   5.5
210.3  0     61.1   31.3  100.7  12.1
220.5  3     70.3   37.6  120.5  31
255.7  17    80.7   44.6  135.8  45.5
300.9  35    90.5   51.3  150.7  59.7
396    72.9  105.7  61.6  165.7  74
466.3  100   130.3  78.3  177    80.2 